         0     1     2     3     4     5     ...  1938  1939  1940  1941  1942  1943
12        0.0   0.0   0.0   0.0   0.0   0.0  ...   0.0   0.0   0.0   0.0   0.0   0.0
18        0.0   0.0   0.0   0.0   0.0   0.0  ...   0.0   0.0   0.0   0.0   0.0   0.0
__        0.0   0.0   0.0   0.0   0.0   0.0  ...   0.0   0.0   0.0   0.0   0.0   0.0
___       0.0   0.0   0.0   0.0   0.0   0.0  ...   0.0   0.0   0.0   0.0   0.0   0.0
a_        0.0   0.0   0.0   0.0   0.0   0.0  ...   0.0   0.0   0.0   0.0   0.0   0.0
...       ...   ...   ...   ...   ...   ...  ...   ...   ...   ...   ...   ...   ...
zxcvbnm   0.0   0.0   0.0   0.0   0.0   0.0  ...   0.0   0.0   0.0   0.0   0.0   0.0
zy        0.0   0.0   0.0   0.0   0.0   0.0  ...   0.0   0.0   0.0   0.0   0.0   0.0
zz        0.0   0.0   0.0   0.0   0.0   0.0  ...   0.0   0.0   0.0   0.0   0.0   0.0
zzqzqq    0.0   0.0   0.0   0.0   0.0   0.0  ...   0.0   0.0   0.0   0.0   0.0   0.0
zzza      0.0   0.0   0.0   0.0   0.0   0.0  ...   0.0   0.0   0.0   0.0   0.0   0.0

[13054 rows x 1944 columns]
